000000010000000000000000
011011110000000110100000
011011010000000000000010
011101110000000110111000
011101010000000000100000
00011011000100000000000101110000
00011111000100000000000110001000
001001010000000000000010
001000010000000000000010
1001100000000100
1001110000000101
1001010000110001
1010110000110000
001111010000000101011000
000011010000000111010000
0000010000010000
11110100
000000000000001111101000
000000000000000011001000
000000000000000000000011
000000000000000000100000
000000000000000000000000
